========================================================================================================================
COMPREHENSIVE METRICS TABLE - LENET
========================================================================================================================

Subject  Overall_Accuracy  Overall_F1  Rest_Accuracy  Elbow_Accuracy  Hand_Accuracy  Rest_Precision  Rest_Recall  Rest_F1  Elbow_Precision  Elbow_Recall  Elbow_F1  Hand_Precision  Hand_Recall  Hand_F1
sub-001            0.5926      0.5831         0.8148          0.4074         0.5556          0.5789       0.8148   0.6769           0.7857        0.4074    0.5366          0.5172       0.5556   0.5357
sub-002            0.6790      0.6779         0.7407          0.7407         0.5556          0.6061       0.7407   0.6667           0.7692        0.7407    0.7547          0.6818       0.5556   0.6122
sub-003            0.5185      0.5196         0.5556          0.4815         0.5185          0.4839       0.5556   0.5172           0.6190        0.4815    0.5417          0.4828       0.5185   0.5000
sub-004            0.6420      0.6283         0.8519          0.4074         0.6667          0.6571       0.8519   0.7419           0.6471        0.4074    0.5000          0.6207       0.6667   0.6429
sub-005            0.4938      0.4773         0.7778          0.4074         0.2963          0.5676       0.7778   0.6562           0.5000        0.4074    0.4490          0.3636       0.2963   0.3265
sub-006            0.5926      0.5873         0.7037          0.6667         0.4074          0.7037       0.7037   0.7037           0.5294        0.6667    0.5902          0.5500       0.4074   0.4681
sub-007            0.7407      0.7405         0.7407          0.8148         0.6667          0.6897       0.7407   0.7143           0.8148        0.8148    0.8148          0.7200       0.6667   0.6923
sub-008            0.5556      0.5483         0.7407          0.4444         0.4815          0.5714       0.7407   0.6452           0.5455        0.4444    0.4898          0.5417       0.4815   0.5098
sub-009            0.6667      0.6619         0.8519          0.5926         0.5556          0.6053       0.8519   0.7077           0.7273        0.5926    0.6531          0.7143       0.5556   0.6250
sub-010            0.5062      0.4974         0.6667          0.5185         0.3333          0.4865       0.6667   0.5625           0.5600        0.5185    0.5385          0.4737       0.3333   0.3913
sub-011            0.4568      0.4520         0.5926          0.4074         0.3704          0.4444       0.5926   0.5079           0.4583        0.4074    0.4314          0.4762       0.3704   0.4167
sub-012            0.6049      0.6021         0.7407          0.5185         0.5556          0.5882       0.7407   0.6557           0.5600        0.5185    0.5385          0.6818       0.5556   0.6122
sub-013            0.3951      0.3924         0.5185          0.4074         0.2593          0.4118       0.5185   0.4590           0.5000        0.4074    0.4490          0.2800       0.2593   0.2692
sub-014            0.5926      0.5859         0.8148          0.5556         0.4074          0.5366       0.8148   0.6471           0.7895        0.5556    0.6522          0.5238       0.4074   0.4583
sub-015            0.6790      0.6762         0.7778          0.5556         0.7037          0.7241       0.7778   0.7500           0.6522        0.5556    0.6000          0.6552       0.7037   0.6786
sub-016            0.7901      0.7862         0.9630          0.6667         0.7407          0.8387       0.9630   0.8966           0.8182        0.6667    0.7347          0.7143       0.7407   0.7273
sub-017            0.6790      0.6759         0.7778          0.7037         0.5556          0.6562       0.7778   0.7119           0.7037        0.7037    0.7037          0.6818       0.5556   0.6122
sub-018            0.4815      0.4765         0.6296          0.4074         0.4074          0.4595       0.6296   0.5312           0.5238        0.4074    0.4583          0.4783       0.4074   0.4400
sub-019            0.4691      0.4494         0.6667          0.5185         0.2222          0.4865       0.6667   0.5625           0.4828        0.5185    0.5000          0.4000       0.2222   0.2857
sub-020            0.5432      0.5393         0.6667          0.5556         0.4074          0.5143       0.6667   0.5806           0.6250        0.5556    0.5882          0.5000       0.4074   0.4490
sub-021            0.5556      0.5557         0.6667          0.5185         0.4815          0.5000       0.6667   0.5714           0.7000        0.5185    0.5957          0.5200       0.4815   0.5000
sub-022            0.5802      0.5808         0.6296          0.5926         0.5185          0.5667       0.6296   0.5965           0.6667        0.5926    0.6275          0.5185       0.5185   0.5185
sub-023            0.6790      0.6624         0.9259          0.7037         0.4074          0.6757       0.9259   0.7813           0.7308        0.7037    0.7170          0.6111       0.4074   0.4889
sub-024            0.6173      0.6151         0.6296          0.7407         0.4815          0.5312       0.6296   0.5763           0.7143        0.7407    0.7273          0.6190       0.4815   0.5417
sub-025            0.6914      0.6898         0.7407          0.7778         0.5556          0.6061       0.7407   0.6667           0.7778        0.7778    0.7778          0.7143       0.5556   0.6250

========================================================================================================================
Total Subjects: 25
========================================================================================================================
